TestingSortingRoutinesInitial values838, 758, 113, 515, 51, 627, 10, 419, 212, 86749, 767, 84, 60, 225, 543, 89, 183, 137, 566966, 978, 495, 311, 367, 54, 31, 145, 882, 736524, 505, 394, 102, 851, 67, 754, 653, 561, 96628, 188, 85, 143, 967, 406, 165, 403, 562, 834Results from InsertionSort: 10, 31, 51, 54, 60, 67, 84, 85, 86, 8996, 102, 113, 137, 143, 145, 165, 183, 188, 212225, 311, 367, 394, 403, 406, 419, 495, 505, 515524, 543, 561, 562, 566, 627, 628, 653, 736, 749754, 758, 767, 838, 851, 882, 966, 967, 978, 834Results from SelectionSort: 10, 31, 51, 54, 60, 67, 84, 85, 86, 8996, 102, 113, 137, 143, 145, 165, 183, 188, 212225, 311, 367, 394, 403, 406, 419, 495, 505, 515524, 543, 561, 562, 566, 627, 628, 653, 736, 749754, 758, 767, 838, 851, 882, 966, 967, 978, 834Results from BubbleSort: 10, 31, 51, 54, 60, 67, 84, 85, 86, 8996, 102, 113, 137, 143, 145, 165, 183, 188, 212225, 311, 367, 394, 403, 406, 419, 495, 505, 515524, 543, 561, 562, 566, 627, 628, 653, 736, 749754, 758, 767, 838, 851, 882, 966, 967, 978, 834Results from ShortBubble: 10, 31, 51, 54, 60, 67, 84, 85, 86, 8996, 102, 113, 137, 143, 145, 165, 183, 188, 212225, 311, 367, 394, 403, 406, 419, 495, 505, 515524, 543, 561, 562, 566, 627, 628, 653, 736, 749754, 758, 767, 838, 851, 882, 966, 967, 978, 834Results from QuickSort: 10, 31, 51, 54, 60, 67, 84, 85, 86, 8996, 102, 113, 137, 143, 145, 165, 183, 188, 212225, 311, 367, 394, 403, 406, 419, 495, 505, 515524, 543, 561, 562, 566, 627, 628, 653, 736, 749754, 758, 767, 834, 838, 851, 882, 966, 967, 978Results from QuickSort2: 10, 31, 51, 54, 60, 67, 84, 85, 86, 8996, 102, 113, 137, 143, 145, 165, 183, 188, 212225, 311, 367, 394, 403, 406, 419, 495, 505, 515524, 543, 561, 562, 566, 627, 628, 653, 736, 749754, 758, 767, 834, 838, 851, 882, 966, 967, 978Results from MergeSort: 10, 31, 51, 54, 60, 67, 84, 85, 86, 8996, 102, 113, 137, 143, 145, 165, 183, 188, 212225, 311, 367, 394, 403, 406, 419, 495, 505, 515524, 543, 561, 562, 566, 627, 628, 653, 736, 749754, 758, 767, 834, 838, 851, 882, 966, 967, 978Results from HeapSort: 10, 31, 51, 54, 60, 67, 84, 85, 86, 8996, 102, 113, 137, 143, 145, 165, 183, 188, 212225, 311, 367, 394, 403, 406, 419, 495, 505, 515524, 543, 561, 562, 566, 627, 628, 653, 736, 749754, 758, 767, 834, 838, 851, 882, 966, 967, 978Initial Values: 353, 920, 444, 803, 962, 318, 422, 327, 457, 945479, 983, 751, 894, 670, 259, 248, 757, 629, 306606, 990, 738, 516, 414, 262, 116, 825, 181, 134343, 22, 233, 536, 760, 979, 71, 201, 336, 61160, 5, 729, 644, 475, 693, 514, 139, 88, 521Results from InsertionSort: 5, 22, 61, 71, 88, 116, 134, 139, 160, 181201, 233, 248, 259, 262, 306, 318, 327, 336, 343353, 414, 422, 444, 457, 475, 479, 514, 516, 536606, 629, 644, 670, 693, 729, 738, 751, 757, 760803, 825, 894, 920, 945, 962, 979, 983, 990, 521